======PGN模型===============PGN=====================PGN=========
                                              Scheduled sampling+Weight tying              coverage+fine-tune

rouge-1                                          rouge-1                                           rouge-1
f: 12.866317960546622                 f: 10.246318732072035                  f: 12.56138979758192
p: 8.351207802300708                  p: 6.711709638973426                   p: 7.884022128088085
r: 37.10452658109531                   r: 35.35420668182321                    r: 39.64975151324883

rouge-2                                          rouge-2                                           rouge-2
f: 2.3323308408865357                 f: 1.6368343285781455                  f: 2.439208315295747
p: 1.4958656804371515                p: 1.052218172673454                   p: 1.5080684271437845
r: 6.982001874747843                   r: 5.73378754764996                      r: 8.167366041163671

rouge-l                                           rouge-l                                            rouge-l
f: 16.219958145011386                 f: 15.291834308474506                  f: 15.296676119554487
p: 14.894209404471088                p: 14.365753254140165                 p: 12.80123175373854
r: 19.505756710192042                 r: 17.873548632748705                  r: 20.925022801715425
